	
Исходный массив:16 17 -14 -5 11 -12 17 -10 1 -20 -1 -16 8 -13 18 -13 -16 14 -7 10 
Сортировка по возрастанию:  -20 -16 -16 -14 -13 -13 -12 -10 -7 -5 -1 1 8 10 11 14 16 17 17 18
Сортировка по убыванию:  18 17 17 16 14 11 10 8 1 -1 -5 -7 -10 -12 -13 -13 -14 -16 -16 -20
	
Исходный массив:2 4 20 7 90 -20 56 87 23 
Сортировка по возрастанию:  -20 2 4 7 20 23 56 87 90
	
Исходный массив:-19 -12 -13 10 -15 -20 17 0 18 -10 15 17 -9 -3 4 7 -19 -2 0 -7 
Нечетные элементы массива:  -19 -13 -15 17 15 17 -9 -3 7 -19 -7
Сортировка по возрастанию:  -20 -19 -19 -15 -13 -12 -10 -9 -7 -3 -2 0 0 4 7 10 15 17 17 18
Сортировка по убыванию:  18 17 17 15 10 7 4 0 0 -2 -3 -7 -9 -10 -12 -13 -15 -19 -19 -20
	
Исходный массив:-20 -3 0 -6 2 1 19 -18 5 8 -14 -1 14 -3 19 20 -18 -9 10 4 
Четные элементы массива:  -20 0 -6 2 -18 8 -14 14 20 -18 10 4
Нечетные элементы массива:  -3 1 19 5 -1 -3 19 -9
Сортировка по возрастанию:  -20 -18 -18 -14 -9 -6 -3 -3 -1 0 1 2 4 5 8 10 14 19 19 20
	
Исходный массив:-20 -3 0 -6 2 -222 1 19 -18 5 8 -14 -1 333 14 -3 19 20 -18 -9 10 4 
Сортировка по возрастанию:  -222 -20 -18 -18 -14 -9 -6 -3 -3 -1 0 1 2 4 5 8 10 14 19 19 20 333
Четные элементы массива:  -20 0 -6 2 -222 -18 8 -14 14 20 -18 10 4
Минимальный элемент массива: -222
	
Исходный массив:2 4 20 7 90 -20 56 87 23 
Четные элементы массива:  2 4 20 90 -20 56
Нечетные элементы массива:  7 87 23
Сортировка по убыванию:  90 87 56 23 20 7 4 2 -20
	
Исходный массив:11 16 -3 8 -1 12 -15 17 12 7 -9 -12 6 -13 -18 -7 -15 12 -10 -2 
Сумма элементов массива: -4
Среднее значение элементов массива: -0,2
Минимальный элемент массива: -18
Мaкcимальный элемент массива: 17
Четные элементы массива:  16 8 12 12 -12 6 -18 12 -10 -2
Нечетные элементы массива:  11 -3 -1 -15 17 7 -9 -13 -7 -15
Сортировка по возрастанию:  -18 -15 -15 -13 -12 -10 -9 -7 -3 -2 -1 6 7 8 11 12 12 12 16 17
Сортировка по убыванию:  17 16 12 12 12 11 8 7 6 -1 -2 -3 -7 -9 -10 -12 -13 -15 -15 -18
	
Исходный массив:2 4 20 7 90 -20 56 87 23 
Среднее значение элементов массива: 29,8888888888889
Сортировка по возрастанию:  -20 2 4 7 20 23 56 87 90
	
Исходный массив:89 34 214 24 453 435 65 643 -52 43 
Сумма элементов массива: 1948
Среднее значение элементов массива: 194,8
Минимальный элемент массива: -52
Мaкcимальный элемент массива: 643
Четные элементы массива:  34 214 24 -52
Нечетные элементы массива:  89 453 435 65 643 43
Сортировка по возрастанию:  -52 24 34 43 65 89 214 435 453 643
Сортировка по убыванию:  643 453 435 214 89 65 43 34 24 -52
	
Исходный массив:-59 76 3 69 -26 -54 -79 -88 -72 43 
Сумма элементов массива: -187
Среднее значение элементов массива: -18,7
Минимальный элемент массива: -88
Мaкcимальный элемент массива: 643
Четные элементы массива:  76 -26 -54 -88 -72
Нечетные элементы массива:  -59 3 69 -79 43
Сортировка по возрастанию:  -88 -79 -72 -59 -54 -26 3 43 69 76
Сортировка по убыванию:  76 69 43 3 -26 -54 -59 -72 -79 -88
